Feature	Gain	Cover	Frequency
NE.CON.PRVT.PC.KD	0.264972827494007	0.0544292237442922	0.0364372469635628
urbanization_gdp_interaction	0.21622333511067	0.0292846270928463	0.00809716599190283
NY.GDP.PCAP.KD	0.137501882775384	0.104992389649924	0.0323886639676113
SP.RUR.TOTL.ZS_rank	0.12005658880793	0.0292846270928463	0.00809716599190283
EN.URB.LCTY_lag4	0.0697471072211672	0.0224961948249619	0.0161943319838057
EN.URB.LCTY_lag3	0.0497121136007059	0.0588432267884323	0.0404858299595142
SH.IMM.IDPT_rank	0.0128514162659547	0.0360730593607306	0.0161943319838057
NY.GDP.DEFL.ZS_lag1	0.0112768791458393	0.0103805175038052	0.0161943319838057
EG.ELC.PETR.ZS_lag3	0.00890969179061588	0.00660578386605784	0.00809716599190283
NY.GDP.DEFL.ZS_lag4	0.0083683178154231	0.00487062404870624	0.00809716599190283
NY.GDP.DEFL.ZS_lag2	0.00812932527862864	0.00487062404870624	0.00809716599190283
TX.VAL.MRCH.WR.ZS_lag2	0.00719912207085339	0.00958904109589041	0.0121457489878543
FP.CPI.TOTL_rank	0.00519144677935488	0.00231354642313546	0.00404858299595142
PA.NUS.ATLS_lag1	0.00361050660756967	0.0030441400304414	0.00809716599190283
MS.MIL.XPND.GD.ZS_lag4	0.00343612958516502	0.00794520547945206	0.0121457489878543
NY.GDP.DEFL.ZS_lag3	0.00336391456665431	0.00255707762557078	0.00404858299595142
AG.PRD.CROP.XD_rank	0.00333597769568918	0.0032572298325723	0.00809716599190283
SM.POP.RHCR.EO_lag4	0.00295266880139746	0.0308980213089802	0.0161943319838057
immunization_coverage_lag3	0.00284593391151084	0.0177777777777778	0.00809716599190283
EG.ELC.PETR.ZS_lag4	0.00275615208198297	0.00337899543378995	0.00404858299595142
SM.POP.RHCR.EO_lag3	0.00262850283518534	0.0152815829528158	0.00809716599190283
FP.CPI.TOTL_lag2	0.00234069817671937	0.00255707762557078	0.00404858299595142
SP.DYN.AMRT.FE	0.00228055436698344	0.034337899543379	0.0202429149797571
NY.GDP.DEFL.ZS	0.00197224900384954	0.00511415525114155	0.00809716599190283
SE.ENR.PRIM.FM.ZS_lag1	0.00191288196713562	0.00322678843226788	0.00809716599190283
TM.VAL.MRCH.RS.ZS_lag3	0.00177773346925356	0.0026179604261796	0.00404858299595142
SE.ENR.PRIM.FM.ZS_lag2	0.00168941673401395	0.0013089802130898	0.00404858299595142
FM.AST.DOMS.CN_lag4	0.00165848971355349	0.00468797564687976	0.0121457489878543
mortality_gender_gap_lag4	0.00161937162085275	0.00255707762557078	0.00404858299595142
EN.URB.LCTY_delta3	0.00155894165898474	0.00526636225266362	0.00809716599190283
SP.ADO.TFRT_lag4	0.00155878396147903	0.00167427701674277	0.00404858299595142
EN.GHG.CH4.WA.MT.CE.AR5_lag3	0.00153509575403596	0.00511415525114155	0.00809716599190283
SP.POP.0014.MA.IN_lag4	0.00150949741675383	0.00167427701674277	0.00404858299595142
ER.FSH.AQUA.MT_min2	0.00140008450389136	0.00328767123287671	0.00404858299595142
SM.POP.RHCR.EA_delta3	0.00139906242042437	0.00176560121765601	0.00404858299595142
FP.CPI.TOTL_min2	0.00137702769389002	0.00255707762557078	0.00404858299595142
ER.FSH.AQUA.MT_rank	0.00125984745575329	0.0034703196347032	0.00404858299595142
SP.URB.TOTL_delta3	0.0012509704629975	0.00167427701674277	0.00404858299595142
SP.POP.1564.FE.ZS_lag4	0.00120948306072489	0.00328767123287671	0.00404858299595142
SP.DYN.TFRT.IN_delta1	0.001202212546228	0.00188736681887367	0.00404858299595142
FI.RES.TOTL.MO_min2	0.00118918705621248	0.00894977168949772	0.00404858299595142
FS.AST.CGOV.GD.ZS_lag4	0.00118719657353577	0.026027397260274	0.0121457489878543
SP.POP.2529.FE.5Y_delta1	0.00111158900770959	0.0034703196347032	0.00404858299595142
SP.DYN.TO65.FE.ZS	0.00108538813916598	0.0250837138508371	0.0161943319838057
EN.POP.DNST_delta2	0.00101557439541862	0.00496194824961948	0.00809716599190283
TX.VAL.MANF.ZS.UN	0.000902679034537841	0.00133942161339422	0.00404858299595142
SP.POP.6064.FE.5Y_delta2	0.000893135732218271	0.0034703196347032	0.00404858299595142
SM.POP.RHCR.EO_lag2	0.000853485222425135	0.00764079147640792	0.00404858299595142
SP.URB.GROW_lag3	0.000821414952897641	0.00149162861491629	0.00404858299595142
urbanization_gdp_interaction_delta3	0.000772678382562334	0.0174124809741248	0.00809716599190283
FI.RES.TOTL.MO_lag2	0.000730144947164864	0.00176560121765601	0.00404858299595142
TM.VAL.MMTL.ZS.UN_lag1	0.00072111719883317	0.00121765601217656	0.00404858299595142
EN.GHG.CH4.WA.MT.CE.AR5_lag4	0.000670636179383813	0.00243531202435312	0.00404858299595142
immunization_coverage_rank	0.000600493416409827	0.00879756468797565	0.00404858299595142
PA.NUS.ATLS_lag2	0.000534207300396094	0.00133942161339422	0.00404858299595142
BM.GSR.TRAN.ZS_lag2	0.000531028822129724	0.00136986301369863	0.00404858299595142
NV.IND.MANF.ZS	0.000465893678079948	0.0013089802130898	0.00404858299595142
FM.AST.NFRG.CN	0.000429208438918033	0.0265144596651446	0.0161943319838057
IT.CEL.SETS.P2_lag4	0.0004206145033506	0.00410958904109589	0.00809716599190283
SE.PRM.ENRL.FE.ZS	0.000412944339784685	0.00188736681887367	0.00404858299595142
SE.SEC.ENRL.GC.FE.ZS_delta2	0.000380967352439131	0.00127853881278539	0.00404858299595142
AG.LND.AGRI.K2_delta2	0.000371313687897796	0.00907153729071537	0.00809716599190283
SP.DYN.AMRT.MA	0.000365693631677677	0.00663622526636225	0.00404858299595142
BX.KLT.DINV.WD.GD.ZS_avg2	0.000342666932296922	0.00286149162861492	0.00404858299595142
MS.MIL.MPRT.KD_max2	0.000326207732395369	0.00143074581430746	0.00404858299595142
SP.DYN.TO65.FE.ZS_lag4	0.000322380805572154	0.0158904109589041	0.00809716599190283
SP.POP.6064.FE.5Y_delta3	0.000302736270440742	0.00438356164383562	0.00809716599190283
BM.TRF.PWKR.CD.DT	0.000301891157373689	0.0121765601217656	0.0121457489878543
SH.DTH.NMRT_delta2	0.000284467116001445	0.00660578386605784	0.0121457489878543
SP.POP.3034.MA.5Y	0.000256569155999182	0.00124809741248097	0.00404858299595142
TX.VAL.MRCH.R4.ZS_delta3	0.000241965620712318	0.00861491628614916	0.00404858299595142
education_life_expectancy_interaction	0.000240275738059115	0.00286149162861492	0.00404858299595142
NV.SRV.TOTL.CD	0.000228608253121538	0.0120243531202435	0.0121457489878543
NY.GSR.NFCY.CD	0.000225467701474083	0.00818873668188737	0.0121457489878543
TX.VAL.MRCH.R6.ZS_rank	0.000219181527316377	0.00140030441400304	0.00404858299595142
FM.AST.DOMS.CN_delta2	0.000214607894704673	0.00286149162861492	0.00404858299595142
FS.AST.CGOV.GD.ZS	0.00018433570069908	0.00127853881278539	0.00404858299595142
SP.URB.TOTL_delta1	0.000180193697036214	0.00167427701674277	0.00404858299595142
FS.AST.PRVT.GD.ZS	0.000175654441439468	0.0017351598173516	0.00404858299595142
SP.POP.5054.FE.5Y	0.000172475422642625	0.00490106544901065	0.00809716599190283
TM.VAL.TRAN.ZS.WT_delta3	0.000152677015298073	0.0013089802130898	0.00404858299595142
urbanization_gdp_interaction_lag1	0.00014961814069754	0.004779299847793	0.00404858299595142
NY.GNP.PCAP.CD	0.000141744546951535	0.0140639269406393	0.0161943319838057
SP.POP.5559.FE.5Y	0.000134794878869557	0.00289193302891933	0.00404858299595142
SM.POP.RHCR.EA	0.000129729352680776	0.00179604261796043	0.00404858299595142
TX.VAL.MRCH.WR.ZS_lag1	0.000124172728344376	0.00353120243531202	0.00404858299595142
SE.PRM.ENRR	0.000117975710982191	0.00191780821917808	0.00404858299595142
SE.PRM.ENRR.MA	0.000112891304190539	0.00176560121765601	0.00404858299595142
NY.GDP.MINR.RT.ZS_lag4	0.000112204891954997	0.00225266362252664	0.00404858299595142
SP.POP.3539.FE.5Y_lag3	0.000108266554389367	0.00459665144596652	0.00404858299595142
SP.POP.3539.FE.5Y_lag2	8.98487034517926e-05	0.00459665144596652	0.00404858299595142
BX.TRF.CURR.CD_tend2	8.96633322320998e-05	0.00225266362252664	0.00404858299595142
SP.POP.4044.FE.5Y	8.83377128837841e-05	0.00188736681887367	0.00404858299595142
SP.DYN.TO65.MA.ZS_lag3	8.48717664111472e-05	0.00216133942161339	0.00404858299595142
BX.GSR.FCTY.CD	8.33652736351672e-05	0.0026179604261796	0.00404858299595142
NV.IND.TOTL.ZS_rank	7.41889824677052e-05	0.00334855403348554	0.00404858299595142
NY.GDP.PCAP.CN_lag1	7.39454942793107e-05	0.00289193302891933	0.00404858299595142
NE.EXP.GNFS.KD.ZG_lag3	7.3888671691273e-05	0.00124809741248097	0.00404858299595142
immunization_coverage_delta3	7.26891785303527e-05	0.00170471841704718	0.00404858299595142
EN.GHG.N2O.BU.MT.CE.AR5_delta3	7.16021193233779e-05	0.00901065449010655	0.00809716599190283
SP.RUR.TOTL_lag1	7.11574489470106e-05	0.00127853881278539	0.00404858299595142
NE.CON.GOVT.ZS_min2	6.57117653265274e-05	0.00243531202435312	0.00404858299595142
SP.POP.1564.MA.ZS_delta3	6.11645445884313e-05	0.00353120243531202	0.00809716599190283
SP.POP.65UP.TO.ZS_lag1	6.0348513507054e-05	0.00277016742770167	0.00404858299595142
BM.KLT.DINV.WD.GD.ZS_lag2	5.62422607827552e-05	0.00185692541856925	0.00404858299595142
urbanization_change_delta1	5.59433709325828e-05	0.00243531202435312	0.00404858299595142
IS.AIR.GOOD.MT.K1	5.55678920723314e-05	0.00149162861491629	0.00404858299595142
SE.TER.ENRR_delta1	5.53687888477158e-05	0.00170471841704718	0.00404858299595142
BX.TRF.CURR.CD_lag1	5.43348426350317e-05	0.00143074581430746	0.00404858299595142
NY.GNP.PCAP.CN_delta3	5.33201349684757e-05	0.00289193302891933	0.00404858299595142
SE.PRM.ENRR.FE	5.02760951273419e-05	0.00295281582952816	0.00404858299595142
AG.PRD.CREL.MT_delta3	4.81434475128827e-05	0.00207001522070015	0.00404858299595142
EN.GHG.CH4.TR.MT.CE.AR5_min2	4.80333890005471e-05	0.00127853881278539	0.00404858299595142
EN.GHG.N2O.MT.CE.AR5	4.44630677206137e-05	0.00127853881278539	0.00404858299595142
NE.TRD.GNFS.ZS_lag3	4.42414502267368e-05	0.00246575342465753	0.00404858299595142
TM.VAL.MMTL.ZS.UN_lag2	4.34310413853951e-05	0.00249619482496195	0.00404858299595142
SP.POP.5054.MA.5Y_delta2	4.30541271365301e-05	0.00170471841704718	0.00404858299595142
TX.VAL.FOOD.ZS.UN_rank	3.92960158082327e-05	0.00505327245053272	0.00404858299595142
BX.TRF.PWKR.CD.DT_lag3	3.92124161721544e-05	0.00277016742770167	0.00404858299595142
SE.PRM.ENRL_delta3	3.90288852869813e-05	0.00164383561643836	0.00404858299595142
NY.ADJ.DKAP.GN.ZS_lag2	3.72698436579579e-05	0.00228310502283105	0.00404858299595142
NY.GDP.FCST.KD	3.72022321539935e-05	0.00136986301369863	0.00404858299595142
NY.GDP.PCAP.CN_lag3	3.53372393211106e-05	0.00371385083713851	0.00404858299595142
EG.ELC.HYRO.ZS_lag3	3.26487202919991e-05	0.00188736681887367	0.00404858299595142
TX.VAL.MRCH.WR.ZS	2.90437851760655e-05	0.00398782343987823	0.00404858299595142
SE.SEC.ENRL.GC	2.49301313422151e-05	0.00146118721461187	0.00404858299595142
DC.DAC.DEUL.CD_lag2	2.46598498356319e-05	0.00191780821917808	0.00404858299595142
FP.CPI.TOTL_delta3	2.34261152443215e-05	0.00146118721461187	0.00404858299595142
DC.DAC.CECL.CD_max2	2.30667203292779e-05	0.00207001522070015	0.00404858299595142
SP.POP.6064.FE.5Y_delta1	2.29499386302245e-05	0.00197869101978691	0.00404858299595142
NY.GDP.PCAP.CD	2.26463783436753e-05	0.00569254185692542	0.0121457489878543
NY.ADJ.DFOR.CD_rank	2.13113412913515e-05	0.00258751902587519	0.00404858299595142
SE.PRM.ENRL_delta2	2.10869867970201e-05	0.00140030441400304	0.00404858299595142
SP.POP.4549.MA.5Y_delta3	2.08462536870224e-05	0.00197869101978691	0.00404858299595142
SH.DYN.NMRT	1.87767975196507e-05	0.00191780821917808	0.00404858299595142
SP.POP.5054.MA.5Y_lag4	1.8630921180362e-05	0.00185692541856925	0.00404858299595142
SP.POP.0014.FE.ZS_lag3	1.81000298662921e-05	0.0017351598173516	0.00404858299595142
SP.POP.0014.MA.IN_delta1	1.78945903229227e-05	0.00143074581430746	0.00404858299595142
BX.GSR.CMCP.ZS	1.71998007689485e-05	0.00316590563165906	0.00404858299595142
BX.GRT.EXTA.CD.WD	1.69612713601094e-05	0.00228310502283105	0.00404858299595142
EN.GHG.CO2.BU.MT.CE.AR5	1.49922191800221e-05	0.0034703196347032	0.00404858299595142
TX.VAL.MANF.ZS.UN_delta2	1.20374934125075e-05	0.00136986301369863	0.00404858299595142
SP.POP.5559.FE.5Y_rank	1.16058897727888e-05	0.0015220700152207	0.00404858299595142
FM.AST.DOMS.CN	1.05890073297817e-05	0.00310502283105023	0.00404858299595142
SP.POP.1519.FE.5Y_lag1	9.61853458008405e-06	0.00246575342465753	0.00404858299595142
NY.ADJ.NNTY.CD_rank	9.47981891371519e-06	0.00133942161339422	0.00404858299595142
EG.USE.ELEC.KH.PC	8.6048654913095e-06	0.00191780821917808	0.00404858299595142
FM.AST.PRVT.GD.ZS_isNA_rank	8.44946207646216e-06	0.00133942161339422	0.00404858299595142
BX.TRF.PWKR.DT.GD.ZS_delta3	8.35279841542665e-06	0.00161339421613394	0.00404858299595142
TM.VAL.TRAN.ZS.WT_lag3	6.5700421417774e-06	0.00149162861491629	0.00404858299595142
AG.LND.ARBL.HA.PC_avg2	6.4175474678359e-06	0.00121765601217656	0.00404858299595142
EG.USE.PCAP.KG.OE_rank	6.35160320209427e-06	0.00286149162861492	0.00404858299595142
SP.POP.GROW_delta3	5.75625408108314e-06	0.00216133942161339	0.00404858299595142
NV.IND.MANF.ZS_lag1	5.38089453525047e-06	0.00121765601217656	0.00404858299595142
SP.DYN.AMRT.MA_lag4	3.82819363501694e-06	0.00225266362252664	0.00404858299595142
SP.URB.TOTL.IN.ZS_delta2	2.74813059168763e-06	0.00158295281582953	0.00404858299595142
TX.VAL.MRCH.AL.ZS_delta3	1.10872279606675e-06	0.00124809741248097	0.00404858299595142
TX.VAL.MRCH.R2.ZS_rank	7.84328359012855e-07	0.0015220700152207	0.00404858299595142
